1744280790429
1744280790430
1744280790431
1744280790431
1744280790432
1744280891970
1744280891971
1744280891972
1744280891973
1744280891973
1744285033082
1744285033084
1744285033084
1744285033085
1744285033085
1744285371902
1744285371902
1744285371903
1744285371904
1744285371905
1744285432934
1744285432935
1744285432936
1744285432937
1744285432938
1744285499942
1744285499943
1744285499944
1744285499944
1744285499945
1744285499946
1744285570239
1744285570240
1744285570241
1744285570242
1744285570243
1744285570244
1744285570244
1744286042889
1744286042890
1744286042891
1744286042891
1744286042892
1744286102675
1744286102676